L = 2*(s+2)*(1-s/2+s^2/8)/(s^2+2*s-3)/(1+s/2+s^2/8);
c = 0.76566;
